This is the call for the eigenvalue matrix 
This is the A matrix: 

         0          6         10          4 
         6          8          6          2 
        10          6         14          8 
         4          2          8         14 
This is the V matrix: 

     0.896    -0.0744      0.215      0.381 
    -0.222      0.724      0.549      0.355 
    -0.384     -0.596       0.19      0.679 
  -0.00341      0.341     -0.785      0.517 
This should be diagonal: 

     -5.79  -2.09e-09   2.39e-08   1.07e-15 
 -2.09e-09       3.39  -4.22e-08   1.89e-08 
  2.39e-08  -4.22e-08       9.57   2.66e-09 
  1.17e-15   1.89e-08   2.66e-09       28.8 
This should be the identity VVT: 

         1  -5.55e-17  -3.89e-16  -1.11e-16 
 -5.55e-17          1  -1.11e-16  -7.77e-16 
 -3.89e-16  -1.11e-16          1  -6.11e-16 
 -1.11e-16  -7.77e-16  -6.11e-16          1 
This should also be the identity VTV: 

         1   1.34e-16   8.11e-17   5.89e-16 
  1.34e-16          1  -2.22e-16  -8.33e-17 
  8.11e-17  -2.22e-16          1  -5.55e-17 
  5.89e-16  -8.33e-17  -5.55e-17          1 
And this returns A again: 

 -7.99e-15          6         10          4 
         6          8          6          2 
        10          6         14          8 
         4          2          8         14 
